General:
55 AA (Start of message) xx (length) xx (type) xx (command) xxxxxx xx (checksum1)  xx (checksum2)  
Length = command to end (without checksum)
--------------------------------------------------------------------------------

55 AA 07 25 60 xx xx throttle break xx xx ck1 ck2

55 AA 09 27 63 xx xx throttle break xx xx xx xx ck1 ck2

55 AA 0b 28 6d xx ECO batteryPoints light xx speed2 speed1 xx(?beep request) xx Battery% ck1 ck2


?????????????????????

55 aa 07 25 64 1f 1c 03 28 28 00 e1 fe

55 aa 07 25 64 1f 1c 03 throttle break 00 e1 fe


55 aa 03 23 00 31 18 90 ff


55 aa 04 22 01 7c 01 00 5b ff
55 aa 04 22 01 f2 f3 02 f1 fd
55 aa 04 22 01 7c 00 00 5c ff
55 AA 04 22 01 F2 F3 02 F1 FD 

55 AA 04 21 03 6A 80 04 E9 FE 

55 AA 06 F4 06 30 1C 81 18 B5 65 FD

55 AA 08 25 07 BD 6F 00 00 00 00 00 9F FE

55 AA 0A 2B 09 F8 F8 01 7A 01 00 00 20 4E E7 FC 
55 AA 0A 2B 09 F8 F3 02 7A 01 00 00 20 4E EB FC 

55 AA 0C 29 0B 71 00 00 01 00 00 00 00 00 00 00 4D FF 
55 AA 0C 29 0B E5 00 00 F8 01 7A 01 00 00 20 4E F8 FC 
55 AA 0C 29 0B 71 00 00 01 00 00 00 00 00 00 00 4D FF 
55 AA 0C 29 0B E5 00 00 F8 01 7A 01 00 00 20 4E F8 FC 
55 AA 0C 29 0B E5 00 00 F8 01 7A 01 00 00 20 4E F8 FC 
55 AA 0C 29 0B 71 00 00 01 00 00 00 00 00 00 00 4D FF 
55 AA 0C 29 0B 71 00 00 01 00 00 00 01 00 00 00 4C FF 
55 AA 0C 29 0B 71 00 00 01 00 00 00 00 00 00 00 4D FF 
55 AA 0C 29 0B 71 00 00 01 00 00 00 00 00 00 00 4D FF 

55 AA 12 33 11 FC 00 00 00 00 E6 00 00 00 F8 01 7A 01 00 00 20 4E E5 FB 
55 AA 12 33 11 FC 00 00 00 00 E6 00 00 00 F8 01 7A 01 00 00 20 4E E5 FB 
55 AA 12 33 11 FC 00 00 00 00 E6 00 00 00 F8 01 7A 01 00 00 20 4E E5 FB 
55 AA 12 33 11 FC 00 00 00 00 E6 00 00 00 F8 01 7A 01 00 00 20 4E E5 FB 
55 AA 12 33 11 FC 00 00 00 00 E6 00 00 00 F8 01 7A 01 00 00 20 4E E5 FB 
55 AA 12 33 11 FC 00 00 00 00 E6 00 00 00 F3 02 7A 01 00 00 20 4E E9 FB 
55 AA 12 33 11 FC 00 00 00 00 E6 00 00 00 F3 02 7A 01 00 00 20 4E E9 FB 
55 AA 12 33 11 FC 00 00 00 00 E6 00 00 00 F8 01 7A 01 00 00 20 4E E5 FB 
55 AA 12 33 11 FC 00 00 00 00 E6 00 00 00 F3 02 7A 01 00 00 20 4E E9 FB 

55 AA 14 31 13 69 00 00 01 00 00 00 00 00 00 00 00 00 78 80 00 00 00 00 45 FE 
55 AA 14 31 13 69 00 00 01 00 00 00 00 00 00 00 00 00 78 80 00 00 00 00 45 FE 
55 AA 14 31 13 69 00 00 01 00 00 00 00 00 00 00 00 00 78 80 00 00 00 00 45 FE 
55 AA 14 31 13 69 00 00 01 00 00 00 00 00 00 00 00 00 78 80 00 00 00 00 45 FE 
55 AA 14 31 13 69 00 00 01 00 00 00 00 00 00 00 00 00 78 80 00 00 00 00 45 FE 
55 AA 14 31 13 69 00 00 01 00 00 00 01 00 00 00 00 00 78 80 00 00 00 00 44 FE 
                                                                  akku?
55 AA 1E 3F 1D 06 78 80 00 00 00 00 7D 02 03 00 00 00 00 00 00 00 3B 00 00 00 00 00 00 00 00 00 00 00 CA FD 
55 AA 1E 3F 1D 06 78 80 00 00 00 00 7D 02 03 00 00 00 00 00 00 00 3B 00 00 00 00 00 00 00 00 00 00 00 CA FD 
55 AA 1E 3F 1D 06 78 80 00 00 00 00 7D 02 03 00 00 00 00 00 00 00 3C 00 00 00 00 00 00 00 00 00 00 00 C9 FD 

55 AA 34 11 33 t1 t2 t3 xx xx xx xx xx xx xx xx xx xx xx xx tx ty tz xxxxxx
t1-3 = total time in s
tx-z = actual time in s

55 AA 34 11 33 00 D3 52 00 00 00 00 00 00 00 00 00 00 00 00 00 00 1A 00 00 00 00 00 00 00 00 00 00 00 00 00 00 00 00 00 00 00 00 00 00 00 00 00 BA 0E 00 00 00 00 00 00 80 FD 
55 AA 34 11 33 00 D5 52 00 00 00 00 00 00 00 00 00 00 00 00 00 00 1C 00 00 00 00 00 00 00 00 00 00 00 00 00 00 00 00 00 00 00 00 00 00 00 00 00 BA 0E 01 00 00 00 00 00 7B FD 
55 AA 34 11 33 00 D4 52 00 00 00 00 00 00 00 00 00 00 00 00 00 00 1B 00 00 00 00 00 00 00 00 00 00 00 00 00 00 00 00 00 00 00 00 00 00 00 00 00 BA 0E 01 00 00 00 00 00 7D FD
                                       19,72                     akku?                                   odometer?
55 AA 34 11 33 28 78 80 00 00 00 00 7D 02 03 00 00 00 00 00 00 00 3B 00 00 00 00 00 00 00 00 00 00 00 00 00 6F 41 00 00 00 00 00 00 00 00 00 00 00 00 00 00 00 00 D4 52 D4 FB 
55 AA 34 11 33 28 78 80 00 00 00 00 7D 02 03 00 00 00 00 00 00 00 3B 00 00 00 00 00 00 00 00 00 00 00 00 00 6F 41 00 00 00 00 00 00 00 00 00 00 00 00 00 00 00 00 D3 52 D5 FB 
55 AA 34 11 33 28 78 80 00 00 00 00 7D 02 03 00 00 00 00 00 00 00 3B 00 00 00 00 00 00 00 00 00 00 00 00 00 6F 41 00 00 00 00 00 00 00 00 00 00 00 00 00 00 00 00 D5 52 D3 FB 

